MSE = 1.2919737142857146
RMSE = 1.1366502163311785
R-Squared = 0.35401314285714225
MAE = 0.9638399999999999
Explained Variance = 0.273030857142857
