MSE = 1.2948835200000004
RMSE = 1.1379294881494197
R-Squared = 0.35255824000000036
MAE = 0.9680639999999993
Explained Variance = 0.27094751999999966
