MSE = 1.281426519368078
RMSE = 1.1320011127945406
R-Squared = 0.359286740315961
MAE = 0.9595822510822511
Explained Variance = 0.2805044414459998
